3336    116
3337    117
3338    118
3339    119
3341    121
3342    122
3343    123
3344    124
3345    125
3346    126
3347    127
3348    128
3349    129
3351    131
3352    132
3353    133
3354    134
3355    135
3356    136
3357    137
3358    138
3359    139
3361    141
3362    142
3363    143
3364    144
3365    145
3366    146
3367    147
3368    148
3369    149
3371    151
3372    152
3373    153
3374    154
3375    155
3376    156
3377    157
3378    158
3379    159
3381    161
3382    162
3383    163
3384    164
3385    165
3386    166
3387    167
3388    168
3389    169
3391    171
3392    172
3393    173
3394    174
3395    175
3396    176
3397    177
3398    178
3399    179
3401    181
3402    182
3403    183
3404    184
3405    185
3406    186
3407    187
3408    188
3409    189
3411    191
3412    192
3413    193
3414    194
3415    195
3416    196
3417    197
3418    198
3419    199
3421    201
3422    202
3423    203
3424    204
3425    205
3426    206
3427    207
3428    208
3429    209
3431    211
3432    212
3433    213
3434    214
3435    215
3436    216
3437    217
3438    218
3439    219
3441    221
3442    222
3443    223
3444    224
3445    225
3446    226
3447    227
3448    228
3449    229
3451    231
3452    232
3453    233
3454    234
3455    235
3456    236
3457    237
3458    238
3459    239
3461    241
3462    242
3463    243
3464    244
3465    245
3466    246
3467    247
3468    248
3469    249
3471    251
3472    252
3473    253
3474    254
3475    255
3476    256
3477    257
3478    258
3479    259
3481    261
3482    262
3483    263
3484    264
3485    265
3486    266
3487    267
3488    268
3489    269
3491    271
3492    272
3493    273
3494    274
3495    275
3496    276
3497    277
3498    278
3499    279
3501    281
3502    282
3503    283
3504    284
3505    285
3506    286
3507    287
3508    288
3509    289
3511    291
3512    292
3513    293
3514    294
3515    295
3516    296
3517    297
3518    298
3519    299
3521    301
3522    302
3523    303
3524    304
3525    305
3526    306
3527    307
3528    308
3529    309
3531    311
3532    312
3533    313
3534    314
3535    315
3536    316
3537    317
3538    318
3539    319
3541    321
3542    322
3543    323
3544    324
3545    325
3546    326
3547    327
3548    328
3549    329
3551    331
3552    332
3553    333
3554    334
3555    335
3556    336
3557    337
3558    338
3559    339
3561    341
3562    342
3563    343
3564    344
3565    345
3566    346
3567    347
3568    348
3569    349
3571    351
3572    352
3573    353
3574    354
3575    355
3576    356
3577    357
3578    358
3579    359
3581    361
3582    362
3583    363
3584    364
3585    365
3586    366
3587    367
3588    368
3589    369
3591    371
3592    372
3593    373
3594    374
3595    375
3596    376
3597    377
3598    378
3599    379
3601    381
3602    382
3603    383
3604    384
3605    385
3606    386
3607    387
3608    388
3609    389
3611    391
3612    392
3613    393
3614    394
3615    395
3616    396
3617    397
3618    398
3619    399
3621    401
3622    402
3623    403
3624    404
3625    405
3626    406
3627    407
3628    408
3629    409
3631    411
3632    412
3633    413
3634    414
3635    415
3636    416
3637    417
3638    418
3639    419
3641    421
3642    422
3643    423
3644    424
3645    425
3646    426
3647    427
3648    428
3649    429
3651    431
3652    432
3653    433
3654    434
3655    435
3656    436
3657    437
3658    438
3659    439
3661    441
3662    442
3663    443
3664    444
3665    445
3666    446
3667    447
3668    448
3669    449
3671    451
3672    452
3673    453
3674    454
3675    455
3676    456
3677    457
3678    458
3679    459
3681    461
3682    462
3683    463
3684    464
3685    465
3686    466
3687    467
3688    468
3689    469
3691    471
3692    472
3693    473
3694    474
3695    475
3696    476
3697    477
3698    478
3699    479
3701    481
3702    482
3703    483
3704    484
3705    485
3706    486
3707    487
3708    488
3709    489
3711    491
3712    492
3713    493
3714    494
3715    495
3716    496
3717    497
3718    498
3719    499
3721    501
3722    502
3723    503
3724    504
3725    505
3726    506
3727    507
3728    508
3729    509
3731    511
3732    512
3733    513
3734    514
3735    515
3736    516
3737    517
3738    518
3739    519
3741    521
3742    522
3743    523
3744    524
3745    525
3746    526
3747    527
3748    528
3749    529
3751    531
3752    532
3753    533
3754    534
3755    535
3756    536
3757    537
3758    538
3759    539
3761    541
3762    542
3763    543
3764    544
3765    545
3766    546
3767    547
3768    548
3769    549
3771    551
3772    552
3773    553
3774    554
3775    555
3776    556
3777    557
3778    558
3779    559
3781    561
3782    562
3783    563
3784    564
3785    565
3786    566
3787    567
3788    568
3789    569
3791    571
3792    572
3793    573
3794    574
3795    575
3796    576
3797    577
3798    578
3799    579
3801    581
3802    582
3803    583
3804    584
3805    585
3806    586
3807    587
3808    588
3809    589
3811    591
3812    592
3813    593
3814    594
3815    595
3816    596
3817    597
3818    598
3819    599
3821    601
3822    602
3823    603
3824    604
3825    605
3826    606
3827    607
3828    608
3829    609
3831    611
3832    612
3833    613
3834    614
3835    615
3836    616
3837    617
3838    618
3839    619
3841    621
3842    622
3843    623
3844    624
3845    625
3846    626
3847    627
3848    628
3849    629
3851    631
3852    632
3853    633
3854    634
3855    635
3856    636
3857    637
3858    638
3859    639
3861    641
3862    642
3863    643
3864    644
3865    645
3866    646
3867    647
3868    648
3869    649
3871    651
3872    652
3873    653
3874    654
3875    655
3876    656
3877    657
3878    658
3879    659
3881    661
3882    662
3883    663
3884    664
3885    665
3886    666
3887    667
3888    668
3889    669
3891    671
3892    672
3893    673
3894    674
3895    675
3896    676
3897    677
3898    678
3899    679
3901    681
3902    682
3903    683
3904    684
3905    685
3906    686
3907    687
3908    688
3909    689
3911    691
3912    692
3913    693
3914    694
3915    695
3916    696
3917    697
3918    698
3919    699
3921    701
3922    702
3923    703
3924    704
3925    705
3926    706
3927    707
3928    708
3929    709
3931    711
3932    712
3933    713
3934    714
3935    715
3936    716
3937    717
3938    718
3939    719
3941    721
3942    722
3943    723
3944    724
3945    725
3946    726
3947    727
3948    728
3949    729
3951    731
3952    732
3953    733
3954    734
3955    735
3956    736
3957    737
3958    738
3959    739
3961    741
3962    742
3963    743
3964    744
3965    745
3966    746
3967    747
3968    748
3969    749
3971    751
3972    752
3973    753
3974    754
3975    755
3976    756
3977    757
3978    758
3979    759
3981    761
3982    762
3983    763
3984    764
3985    765
3986    766
3987    767
3988    768
3989    769
3991    771
3992    772
3993    773
3994    774
3995    775
3996    776
3997    777
3998    778
3999    779
4001    781
4002    782
4003    783
4004    784
4005    785
4006    786
4007    787
4008    788
4009    789
4011    791
4012    792
4013    793
4014    794
4015    795
4016    796
4017    797
4018    798
4019    799
4021    801
4022    802
4023    803
4024    804
4025    805
4026    806
4027    807
4028    808
4029    809
4031    811
4032    812
4033    813
4034    814
4035    815
4036    816
4037    817
4038    818
4039    819
4041    821
4042    822
4043    823
4044    824
4045    825
4046    826
4047    827
4048    828
4049    829
4051    831
4052    832
4053    833
4054    834
4055    835
4056    836
4057    837
4058    838
4059    839
4061    841
4062    842
4063    843
4064    844
4065    845
4066    846
4067    847
4068    848
4069    849
4071    851
4072    852
4073    853
4074    854
4075    855
4076    856
4077    857
4078    858
4079    859
4081    861
4082    862
4083    863
4084    864
4085    865
4086    866
4087    867
4088    868
4089    869
4091    871
4092    872
4093    873
4094    874
4095    875
4096    876
4097    877
4098    878
4099    879
4101    881
4102    882
4103    883
4104    884
4105    885
4106    886
4107    887
4108    888
4109    889
4111    891
4112    892
4113    893
4114    894
4115    895
4116    896
4117    897
4118    898
4119    899
4121    901
4122    902
4123    903
4124    904
4125    905
4126    906
4127    907
4128    908
4129    909
4131    911
4132    912
4133    913
4134    914
4135    915
4136    916
4137    917
4138    918
4139    919
4141    921
4142    922
4143    923
4144    924
4145    925
4146    926
4147    927
4148    928
4149    929
4151    931
4152    932
4153    933
4154    934
4155    935
4156    936
4157    937
4158    938
4159    939
4161    941
4162    942
4163    943
4164    944
4165    945
4166    946
4167    947
4168    948
4169    949
4171    951
4172    952
4173    953
4174    954
4175    955
4176    956
4177    957
4178    958
4179    959
4181    961
4182    962
4183    963
4184    964
4185    965
4186    966
4187    967
4188    968
4189    969
4191    971
4192    972
4193    973
4194    974
4195    975
4196    976
4197    977
4198    978
4199    979
4201    981
4202    982
4203    983
4204    984
4205    985
4206    986
4207    987
4208    988
4209    989
4211    991
4212    992
4213    993
4214    994
4215    995
4216    996
4217    997
4218    998
4219    999
3331    111
3332    112
3333    113
3334    114
3335    115